Ruaumoko3D - Maxim Millen
! KN,m,secs
! Info
    2       1       0       2       0       0       0       0       1       0
   15      14       5       5       1      10    9.80     2.0     2.0  0.013428     74.99    1.00
    0       1       0     1.0     0.0     0.0     1.0       1       2       2       1       0
   363.6     0.0     0.0     0.0   363.6     0.0
   10       5  0.0001     0.0     0.0     0.0     0.0     0.0     0.0     0.0    0.10
NODES
    1   0.000  -0.412   0.000       1       1       1       1       1       1       0       0       0
    2   0.000   0.770   0.000       0       0       1       1       1       0       0       0       0
    3   0.000   1.485   0.000       0       0       1       1       1       0       2       0       0
    4   0.000  11.330   0.000       0       0       1       1       1       0       0       0       0
    5   0.000  12.760   0.000       0       0       1       1       1       0       0       0       0
    6   1.347  12.760   0.000       0       0       1       1       1       0       0       0       0
    7   2.046  12.760   0.000       0       0       1       1       1       0       0       0       0
    8   4.978  12.760   0.000       0       0       1       1       1       0       0       0       0
    9   7.909  12.760   0.000       0       0       1       1       1       0       0       0       0
   10   8.607  12.760   0.000       0       0       1       1       1       0       0       0       0
   11   9.955  12.760   0.000       0       0       1       1       1       0       0       0       0
   12   9.955  11.330   0.000       0       0       1       1       1       0       0       0       0
   13   9.955   1.485   0.000       0       0       1       1       1       0       0       0       0
   14   9.955   0.770   0.000       0       0       1       1       1       0       0       0       0
   15   9.955  -0.412   0.000       1       1       1       1       1       1       0       0       0

DRIFT
    1    5
ELEMENTS
    1       1       1       2       0       0       Z       0
    2       2       2       3       0       0       Z       0
    3       1       3       4       0       0       Z       0
    4       3       4       5       0       0       Z       0
    5       4       5       6       0       0       Z       0
    6       5       6       7       0       0       Z       0
    7       1       7       8       0       0       Z       0
    8       1       8       9       0       0       Z       0
    9       5       9      10       0       0       Z       0
   10       4      10      11       0       0       Z       0
   11       3      11      12       0       0       Z       0
   12       1      12      13       0       0       Z       0
   13       2      13      14       0       0       Z       0
   14       1      14      15       0       0       Z       0

PROPS
    1           BEAM           Full
    1         1         0         0         0         0         0         0         0         0
    0.20000E+09    0.80000E+08   0.2206133E+00    0.16661E+00    0.13884E-01    0.13884E-01        0.22061        0.22061        0.00000        0.00000        0.00000
        0.00000        0.00000        0.00000        0.00000    0.00000E+00    0.00000E+00    0.00000E+00    0.00000E+00        0.00000        0.00000

    2         SPRING         H1_col
    1    2    0    0    0    0        0.00000        0.00000        0.00000    0
   0.5245350E+08   0.2098140E+08   0.2098140E+08   0.3106857E+09   0.3106857E+09   0.1042000E+07       0.0000000   0.010   0.160
   0.7683500E+05  -0.7683500E+05   0.1754500E+05  -0.1754500E+05   0.1754500E+05  -0.1754500E+05
   0.0000000E+00   0.0000000E+00   0.0000000E+00   0.0000000E+00   0.1000000E+05  -0.1000000E+05

    3           BEAM        Top_col
    1         1         0         0         0         0         0         0         0         0
    0.20000E+09    0.80000E+08   0.4412265E+00    0.66642E+00    0.55535E-01    0.55535E-01        0.44123        0.44123        0.00000        0.00000        0.00000
        0.00000        0.00000        0.00000        0.00000    0.00000E+00    0.00000E+00    0.00000E+00    0.00000E+00        0.00000        0.00000

    4           BEAM       Beam_REB
    1         1         0         0         0         0         0         0         0         0
    0.20000E+09    0.80000E+08   0.2206133E+00    0.16661E+00    0.13884E-01    0.13884E-01        0.22061        0.22061        0.00000        0.00000        0.00000
        0.35750        0.00000        0.35750        0.00000    0.00000E+00    0.00000E+00    0.00000E+00    0.00000E+00        0.00000        0.00000

    5         SPRING        H2_beam
    1    2    0    0    0    0        0.00000        0.00000        0.00000    0
   0.4421740E+08   0.1768696E+08   0.1768696E+08   0.1431111E+09   0.1431111E+09   0.1119000E+07       0.0000000   0.010   0.060
   0.4840000E+05  -0.4840000E+05   0.9680000E+04  -0.9680000E+04   0.9680000E+04  -0.9680000E+04
   0.8200000E+05  -0.8200000E+05   0.8200000E+05  -0.8200000E+05   0.8200000E+04  -0.8200000E+04

WEIGHTS       0
    1   5119.6915   5119.6915      0.0000      0.0000      0.0000   1599.7099
    2      0.0000      0.0000      0.0000      0.0000      0.0000      0.0000
    3      0.0000      0.0000      0.0000      0.0000      0.0000      0.0000
    4      0.0000      0.0000      0.0000      0.0000      0.0000      0.0000
    5    497.2949    497.2949      0.0000      0.0000      0.0000      0.0000
    6      0.0000      0.0000      0.0000      0.0000      0.0000      0.0000
    7      0.0000      0.0000      0.0000      0.0000      0.0000      0.0000
    8   2608.7600   2608.7600      0.0000      0.0000      0.0000      0.0000
    9      0.0000      0.0000      0.0000      0.0000      0.0000      0.0000
   10      0.0000      0.0000      0.0000      0.0000      0.0000      0.0000
   11    497.2949    497.2949      0.0000      0.0000      0.0000      0.0000
   12      0.0000      0.0000      0.0000      0.0000      0.0000      0.0000
   13      0.0000      0.0000      0.0000      0.0000      0.0000      0.0000
   14      0.0000      0.0000      0.0000      0.0000      0.0000      0.0000
   15   5119.6915   5119.6915      0.0000      0.0000      0.0000   1599.7099

LOADS
    1      0.0000  -5119.6915      0.0000      0.0000      0.0000      0.0000
    2      0.0000      0.0000      0.0000      0.0000      0.0000      0.0000
    3      0.0000      0.0000      0.0000      0.0000      0.0000      0.0000
    4      0.0000      0.0000      0.0000      0.0000      0.0000      0.0000
    5      0.0000   -497.2949      0.0000      0.0000      0.0000      0.0000
    6      0.0000      0.0000      0.0000      0.0000      0.0000      0.0000
    7      0.0000      0.0000      0.0000      0.0000      0.0000      0.0000
    8      0.0000  -2608.7600      0.0000      0.0000      0.0000      0.0000
    9      0.0000      0.0000      0.0000      0.0000      0.0000      0.0000
   10      0.0000      0.0000      0.0000      0.0000      0.0000      0.0000
   11      0.0000   -497.2949      0.0000      0.0000      0.0000      0.0000
   12      0.0000      0.0000      0.0000      0.0000      0.0000      0.0000
   13      0.0000      0.0000      0.0000      0.0000      0.0000      0.0000
   14      0.0000      0.0000      0.0000      0.0000      0.0000      0.0000
   15      0.0000  -5119.6915      0.0000      0.0000      0.0000      0.0000

EQUAKE
    6         1.0    0.13428E-01       1.000        -1.0       0.000       0.000       1.000
